image: ./map_cartographer_demo2.pgm
resolution: 0.050000
origin: [-1.323069, -5.118684, 0.000000]
negate: 0
occupied_thresh: 0.65
free_thresh: 0.196

