image: ./map_cartographer_demo.pgm
resolution: 0.050000
origin: [-1.262517, -3.461551, 0.000000]
negate: 0
occupied_thresh: 0.65
free_thresh: 0.196

